01	01	799	3299	31
01	02	634	2472	25
01	03	697	2726	24
01	04	634	2589	26
01	05	506	2252	32
01	06	581	2359	22
01	07	586	2427	24
01	08	588	2424	22
01	09	660	2702	29
01	10	497	2282	32
01	11	608	2628	32
01	12	538	2206	20
01	13	459	1876	18
01	14	608	2644	24
01	15	473	1961	21
01	16	414	1725	16
01	17	681	2878	27
01	18	869	3551	33
01	19	1110	4495	38
01	20	500	2112	18
01	21	776	3201	34
01	22	631	2592	24
01	23	541	2210	20
01	24	1818	7374	67
01	25	708	3096	34
01	26	891	3735	35
01	27	1264	5031	46
01	28	623	2505	22
01	29	832	3445	35
01	30	1024	4319	43
01	31	1419	5945	55
01	32	796	3311	32
01	33	510	2132	20
01	34	792	3305	31
01	35	666	2797	29
01	36	847	3716	43
01	37	944	3916	36
01	38	821	3314	30
01	39	668	2613	23
01	40	582	2458	23
01	41	1406	5834	57
01	42	979	3985	38
01	43	940	3867	34
01	44	876	3461	34
01	45	733	3012	28
01	46	768	3304	34
01	47	967	4038	31
01	48	641	2699	22
01	49	768	3279	33
01	50	689	2955	26
02	01	459	2030	22
02	02	659	2670	25
02	03	793	3172	22
02	04	893	3508	31
02	05	596	2547	23
02	06	755	3199	30
02	07	694	2937	25
02	08	938	3905	32
02	09	984	4020	35
02	10	901	3660	29
02	11	326	1367	10
02	12	1495	6203	51
02	13	677	2791	22
02	14	933	3974	31
02	15	715	3060	27
02	16	1064	4339	36
02	17	467	1954	16
02	18	762	3159	27
02	19	704	2942	25
02	20	563	2345	26
02	21	895	3473	36
02	22	792	3138	31
02	23	829	3493	33
02	24	494	1983	18
02	25	928	3885	40
02	26	939	4104	37
02	27	560	2449	21
02	28	1237	5252	43
02	29	1343	5596	46
02	30	972	4297	38
02	31	440	1890	18
02	32	1095	4463	35
02	33	712	2843	23
02	34	1006	4255	35
02	35	822	3584	35
02	36	894	3926	38
02	37	740	2989	29
02	38	834	3693	31
02	39	1032	4418	43
02	40	823	3536	38
03	01	527	2132	17
03	02	488	2030	16
03	03	513	2099	17
03	04	1159	4852	35
03	05	725	2954	19
03	06	894	3744	30
03	07	1058	4519	38
03	08	990	4162	36
03	09	626	2698	24
03	10	630	2683	20
03	11	1117	4837	47
03	12	264	1114	8
03	13	1859	7408	59
03	14	1715	6846	57
03	15	921	3919	33
03	16	1159	4852	34
03	17	555	2339	16
03	18	669	3039	30
03	19	900	3779	37
03	20	838	3558	27
03	21	589	2393	24
03	22	881	3652	33
03	23	1224	5190	44
03	24	553	2319	23
03	25	1534	6300	55
03	26	1249	5211	46
03	27	958	3929	34
04	01	1335	6019	54
04	02	830	3708	34
04	03	1293	5783	51
04	04	1418	6321	49
04	05	900	3820	31
04	06	744	3195	27
04	07	1941	8552	89
04	08	689	3114	26
04	09	724	3099	23
04	10	893	3749	36
04	11	1058	4396	35
04	12	386	1634	16
04	13	743	3047	33
04	14	1183	5085	45
04	15	1070	4533	41
04	16	1343	5774	50
04	17	337	1460	13
04	18	1114	4801	32
04	19	685	2915	22
04	20	794	3394	29
04	21	933	3964	35
04	22	1203	4812	41
04	23	745	3052	30
04	24	661	2786	25
04	25	447	1932	18
04	26	1448	6696	65
04	27	612	2647	23
04	28	781	3332	31
04	29	956	4346	40
04	30	505	2093	16
04	31	1210	5388	54
04	32	1011	4434	42
04	33	930	4386	56
04	34	632	2691	29
04	35	967	4090	34
04	36	447	2027	13
05	01	1264	5183	46
05	02	1023	4283	37
05	03	817	3439	29
05	04	1505	6320	49
05	05	923	3711	33
05	06	645	2691	25
05	07	845	3628	26
05	08	568	2417	20
05	09	965	4110	29
05	10	606	2495	22
05	11	952	3890	32
05	12	1057	4435	32
05	13	629	2593	18
05	14	710	2896	29
05	15	709	2933	23
05	16	712	3047	22
05	17	709	3001	20
05	18	613	2528	22
05	19	610	2577	21
05	20	648	2714	20
05	21	733	2976	23
05	22	896	3597	30
05	23	687	2907	25
05	24	683	2786	22
05	25	564	2324	19
05	26	669	2826	19
05	27	601	2588	26
05	28	2077	8807	68
05	29	853	3514	29
05	30	667	2705	20
05	31	1043	4277	30
05	32	1308	5515	52
05	33	807	3401	29
05	34	322	1282	12
06	01	575	2481	18
06	02	770	3133	24
06	03	568	2365	17
06	04	709	2979	24
06	05	552	2319	15
06	06	906	3813	27
06	07	929	3933	26
06	08	1223	4955	35
06	09	802	3359	27
06	10	1395	5903	43
06	11	719	3114	23
06	12	488	2073	24
06	13	827	3855	33
06	14	487	2088	15
06	15	1034	4783	63
06	16	255	1178	10
06	17	662	2927	18
06	18	772	3485	28
06	19	946	4604	51
06	20	310	1368	9
06	21	1028	4544	45
06	22	1323	5656	34
06	23	576	2350	16
06	24	1046	4346	33
07	01	964	4302	36
07	02	694	2989	23
07	03	844	3655	31
07	04	763	3176	24
07	05	757	3336	31
07	06	1297	5246	40
07	07	954	4069	25
07	08	989	4194	35
07	09	1669	7014	57
07	10	475	2088	18
07	11	1237	5280	40
07	12	401	1803	15
07	13	767	3020	25
07	14	708	2830	20
07	15	650	2665	20
07	16	1112	4550	31
07	17	387	1561	13
07	18	1037	4238	31
07	19	1104	4460	30
07	20	1457	6300	48
07	21	742	3180	25
08	01	651	2649	22
08	02	765	3117	23
08	03	543	2142	18
08	04	623	2563	22
09	01	784	3179	28
09	02	1106	4538	36
09	03	551	2192	21
09	04	735	3030	22
09	05	441	1767	12
09	06	754	3149	21
09	07	512	2243	17
09	08	543	2268	22
09	09	992	3870	27
09	10	865	3604	27
09	11	505	2099	15
09	12	773	3177	25
09	13	699	3142	23
09	14	1608	6883	52
09	15	983	4165	35
09	16	682	2838	23
09	17	1721	7157	58
09	18	847	3534	30
09	19	698	2961	24
09	20	1291	5257	42
09	21	501	2083	15
09	22	763	3137	23
09	23	833	3524	29
09	24	663	2715	22
09	25	1454	5971	44
09	26	851	3525	25
09	27	387	1636	12
09	28	837	3523	25
09	29	423	1771	11
09	30	958	4047	31
09	31	350	1545	13
10	01	714	2967	27
10	02	913	3916	32
10	03	1145	4715	39
10	04	436	1839	12
10	05	626	2758	25
10	06	715	2951	23
10	07	860	3510	29
10	08	449	2067	18
10	09	410	1708	13
10	10	610	2649	19
10	11	816	3352	27
10	12	994	4096	31
10	13	1151	4731	39
10	14	1119	4507	33
10	15	1120	4676	37
10	16	740	3055	23
10	17	937	3998	29
10	18	1098	4538	33
10	19	1475	5921	43
10	20	850	3455	26
10	21	780	3326	22
10	22	953	3954	51
10	23	880	3772	39
10	24	857	3582	25
11	01	1502	6385	53
11	02	1512	6256	46
11	03	852	3505	28
11	04	708	3176	34
11	05	529	2309	18
11	06	1020	4318	38
11	07	1484	6341	51
11	08	2141	9241	66
11	09	828	3564	28
11	10	841	3565	29
11	11	1255	5347	43
11	12	1040	4440	33
11	13	1140	4421	34
11	14	989	4095	31
11	15	953	3995	34
11	16	1037	4179	34
11	17	682	2649	24
11	18	1399	5634	46
11	19	734	2968	21
11	20	1482	6184	43
11	21	910	3805	29
11	22	1519	6335	53
12	01	671	2679	18
12	02	850	3406	25
12	03	850	3540	27
12	04	1371	5293	44
12	05	977	3989	27
12	06	1021	4051	33
12	07	826	3283	20
12	08	955	3891	29
12	09	1207	4855	37
12	10	1205	4946	36
12	11	740	3035	21
12	12	690	2906	21
12	13	777	3300	25
12	14	883	3699	29
12	15	1094	4522	38
12	16	658	2784	20
12	17	1247	5435	41
12	18	1222	5108	37
12	19	1149	4890	37
12	20	662	2737	21
12	21	749	3123	26
12	22	714	3023	20
12	23	1479	6240	37
12	24	586	2576	20
12	25	984	4159	30
13	01	685	3175	54
13	02	848	3977	55
13	03	349	1728	24
13	04	854	3891	43
13	05	666	2963	26
13	06	1343	5937	81
13	07	833	3827	40
13	08	493	2320	40
13	09	962	4346	44
13	10	366	1606	14
13	11	946	4215	47
13	12	989	4376	40
13	13	388	1630	14
13	14	359	1617	17
13	15	716	3194	29
13	16	852	3676	43
13	17	781	3217	27
13	18	401	1902	17
13	19	632	2762	19
13	20	291	1209	8
13	21	916	3863	30
13	22	607	2529	19
13	23	683	2991	32
13	24	543	2525	31
13	25	545	2610	31
13	26	712	3354	32
13	27	807	3651	34
13	28	866	3581	21
13	29	990	4252	30
14	01	532	2336	17
14	02	647	2741	18
14	03	483	2095	17
14	04	597	2529	22
14	05	499	2140	14
14	06	1404	6032	42
14	07	750	3219	22
14	08	538	2376	18
14	09	884	3798	31
14	10	562	2411	19
14	11	488	2234	23
14	12	483	2220	16
14	13	644	2873	22
14	14	450	1906	15
14	15	520	2153	19
14	16	481	2003	14
14	17	461	2119	19
14	18	1052	4410	34
14	19	354	1544	11
14	20	1150	5069	37
14	21	625	2702	20
14	22	446	1880	12
14	23	790	3308	21
14	24	935	3965	27
14	25	972	4161	28
14	26	723	3155	23
14	27	246	1037	9
14	28	898	3869	27
14	29	1159	5147	36
14	30	871	3991	27
14	31	759	3425	21
14	32	1086	4708	33
14	33	782	3288	25
14	34	1225	5201	33
14	35	902	4083	27
14	36	743	3206	23
15	01	373	1620	11
15	02	1000	4870	70
15	03	549	2408	13
15	04	771	3395	24
15	05	585	2507	17
15	06	780	3416	22
15	07	865	3613	28
15	08	992	4232	36
15	09	619	2658	15
15	10	926	4323	44
16	01	392	1716	11
16	02	720	2881	20
16	03	898	4004	32
16	04	718	2980	23
16	05	638	2702	19
16	06	604	2505	19
16	07	1178	5643	73
16	08	688	3002	18
16	09	1330	6109	38
16	10	654	3023	39
16	11	790	3528	36
16	12	932	4474	47
16	13	964	4198	31
17	01	718	3207	22
17	02	808	3590	23
17	03	554	2465	15
17	04	519	2269	17
17	05	496	2033	14
17	06	478	2053	14
17	07	347	1456	10
17	08	652	2821	17
17	09	986	4375	32
17	10	95	410	3
18	01	643	2711	22
18	02	389	1621	13
18	03	436	1764	26
18	04	338	1497	21
18	05	448	1948	27
18	06	484	2010	30
18	07	396	1582	21
18	08	342	1496	22
18	09	546	2234	35
18	10	404	1681	22
18	11	339	1463	20
18	12	401	1757	25
18	13	415	1695	28
18	14	412	1695	22
18	15	551	2470	35
18	16	377	1547	22
18	17	264	1068	16
18	18	344	1455	21
18	19	477	1935	29
18	20	523	2178	29
18	21	524	2229	34
18	22	484	2077	30
18	23	282	1152	17
18	24	483	2023	25
18	25	92	353	6
18	26	208	927	14
18	27	375	1537	23
18	28	457	1907	28
18	29	406	1583	25
18	30	516	2120	31
18	31	693	2789	40
18	32	377	1630	22
18	33	527	2212	33
18	34	617	2658	37
18	35	256	1127	16
18	36	497	2229	33
18	37	404	1721	24
18	38	661	2818	41
18	39	479	2103	30
18	40	363	1518	24
18	41	509	2121	34
18	42	443	1867	17
19	01	132	555	6
19	02	208	877	12
19	03	152	606	9
19	04	177	713	9
19	05	257	1120	13
19	06	173	710	11
19	07	345	1473	18
19	08	178	741	10
19	09	379	1636	21
19	10	352	1500	18
19	11	138	610	8
19	12	159	685	9
19	13	117	479	7
19	14	159	672	8
19	15	105	478	6
19	16	211	866	12
19	17	317	1329	16
19	18	967	4020	51
19	19	282	1236	15
19	20	154	649	10
19	21	256	1111	14
19	22	593	2395	32
19	23	124	499	7
19	24	184	757	11
19	25	348	1404	23
19	26	189	789	13
19	27	346	1353	15
19	28	207	879	10
19	29	185	784	12
19	30	245	954	13
19	31	508	2084	25
19	32	248	1051	12
19	33	352	1459	22
19	34	367	1517	23
19	35	570	2450	29
19	36	238	1029	13
19	37	708	3002	41
19	38	371	1504	23
19	39	283	1128	14
19	40	410	1724	18
19	41	250	1051	14
19	42	292	1162	12
19	43	132	508	5
19	44	463	1951	27
19	45	345	1583	18
19	46	219	912	12
19	47	156	664	10
19	48	240	984	15
19	49	350	1541	21
19	50	406	1765	24
19	51	346	1548	20
19	52	196	861	10
19	53	165	720	7
19	54	138	562	8
19	55	448	1873	24
19	56	243	984	14
19	57	248	1022	12
19	58	228	964	12
19	59	360	1471	18
19	60	246	1062	13
19	61	145	578	9
19	62	240	996	13
19	63	208	847	12
19	64	194	848	11
19	65	279	1284	14
19	66	337	1404	21
19	67	123	511	8
19	68	710	3088	36
19	69	682	2837	37
19	70	116	473	6
19	71	473	1950	24
19	72	375	1621	21
19	73	429	1840	29
19	74	418	1877	24
19	75	202	815	11
19	76	207	864	13
19	77	342	1422	21
19	78	1230	5395	73
19	79	283	1249	14
19	80	346	1442	20
19	81	300	1266	17
19	82	122	520	9
19	83	281	1217	19
19	84	241	978	13
19	85	220	957	14
19	86	318	1284	18
19	87	124	520	8
19	88	319	1354	19
19	89	886	3763	53
19	90	330	1379	18
19	91	290	1210	16
19	92	268	1133	16
19	93	94	432	5
19	94	358	1585	23
19	95	201	771	11
19	96	228	970	13
19	97	191	882	12
19	98	174	746	10
19	99	159	717	9
19	100	92	393	6
19	101	179	701	9
19	102	474	1974	29
19	103	348	1525	23
19	104	600	2551	35
19	105	634	2732	45
19	106	764	3473	48
19	107	687	3083	43
19	108	214	880	14
19	109	544	2271	32
19	110	148	602	8
19	111	179	797	10
19	112	174	814	10
19	113	144	575	9
19	114	108	486	8
19	115	276	1136	18
19	116	289	1161	19
19	117	35	148	2
19	118	467	1868	29
19	119	2447	10688	198
19	120	94	372	8
19	121	116	485	9
19	122	132	554	10
19	123	100	404	5
19	124	129	488	9
19	125	114	487	6
19	126	100	451	7
19	127	118	459	6
19	128	107	451	7
19	129	125	526	9
19	130	122	513	9
19	131	68	275	4
19	132	282	1171	19
19	133	77	333	4
19	134	50	199	4
19	135	331	1398	21
19	136	355	1518	26
19	137	167	696	9
19	138	178	746	9
19	139	420	1744	25
19	140	249	1081	14
19	141	209	857	11
19	142	164	662	8
19	143	258	1050	13
19	144	308	1329	16
19	145	337	1431	22
19	146	180	764	10
19	147	301	1321	20
19	148	204	889	14
19	149	145	631	9
19	150	87	411	6
20	01	521	2265	33
20	02	311	1434	22
20	03	543	2304	35
20	04	420	1762	27
20	05	356	1515	23
20	06	548	2389	35
20	07	413	1722	27
20	08	564	2428	36
20	09	290	1231	18
20	10	529	2309	32
20	11	526	2431	31
20	12	478	2107	28
20	13	402	1849	25
20	14	574	2481	35
20	15	546	2418	33
20	16	545	2312	33
20	17	478	2101	28
20	18	383	1689	24
20	19	508	2221	29
20	20	500	2115	30
20	21	503	2215	31
20	22	497	2057	29
20	23	568	2381	35
20	24	582	2495	34
20	25	524	2156	28
20	26	461	1889	28
20	27	462	1992	27
20	28	530	2323	28
20	29	427	1934	27
20	30	642	2646	33
20	31	469	2031	31
21	01	382	1674	18
21	02	736	2962	26
21	03	519	1991	22
21	04	382	1592	16
21	05	535	2184	20
21	06	303	1200	12
21	07	619	2561	29
21	08	517	2080	17
21	09	557	2233	18
21	10	404	1699	20
21	11	275	1118	10
21	12	374	1589	14
22	01	328	1385	17
22	02	353	1419	17
22	03	289	1173	11
22	04	365	1592	16
22	05	399	1625	16
22	06	284	1211	13
22	07	294	1202	13
22	08	362	1488	14
23	01	760	3294	31
23	02	569	2346	22
23	03	589	2566	26
23	04	211	864	6
23	05	865	3721	30
23	06	368	1469	13
23	07	695	2824	25
23	08	560	2400	22
23	09	601	2606	21
23	10	930	3843	34
23	11	521	2162	16
23	12	136	565	6
23	13	578	2488	22
23	14	858	3610	32
23	15	268	1160	9
23	16	417	1836	14
23	17	430	1817	14
23	18	257	1106	7
23	19	732	3071	25
23	20	171	760	6
23	21	419	1805	17
23	22	678	2800	25
23	23	471	2067	18
23	24	594	2590	23
23	25	383	1529	12
23	26	552	2321	21
23	27	407	1657	13
23	28	816	3493	29
23	29	744	3133	24
23	30	1061	4398	33
23	31	324	1343	9
23	32	438	1918	20
23	33	587	2688	24
23	34	524	2237	17
23	35	279	1213	10
23	36	692	2882	22
23	37	1133	4827	38
23	38	594	2325	22
23	39	270	1163	8
23	40	798	3443	31
23	41	806	3413	29
23	42	678	2792	25
23	43	713	2990	28
23	44	888	3814	28
23	45	776	3241	25
23	46	344	1425	13
23	47	473	2084	15
23	48	629	2600	22
23	49	869	3613	26
23	50	367	1504	11
23	51	773	3193	23
23	52	407	1783	15
23	53	389	1620	12
23	54	495	2171	17
23	55	401	1654	13
23	56	363	1561	12
23	57	571	2439	21
23	58	523	2195	14
23	59	592	2680	21
23	60	667	2869	22
23	61	382	1704	11
23	62	364	1538	12
23	63	540	2351	19
23	64	310	1373	12
23	65	755	3188	25
23	66	813	3408	24
24	01	530	2167	19
24	02	1021	4368	37
24	03	804	3503	25
24	04	863	3780	31
24	05	876	3760	31
24	06	829	3613	30
24	07	972	4048	34
24	08	708	2996	22
24	09	774	3367	26
24	10	676	2800	25
24	11	751	3134	23
24	12	546	2368	17
24	13	741	3122	27
24	14	690	2966	22
24	15	704	2849	21
24	16	701	3009	21
24	17	831	3493	27
24	18	661	2711	23
24	19	543	2304	15
24	20	596	2518	18
24	21	500	2077	14
24	22	839	3592	30
24	23	1188	5063	40
24	24	363	1481	10
24	25	1140	4839	38
24	26	802	3323	24
24	27	764	3203	22
24	28	542	2348	17
24	29	1007	4367	32
24	30	719	3051	24
24	31	1296	5439	40
24	32	1434	6038	44
24	33	844	3562	26
24	34	826	3570	22
24	35	659	2780	19
24	36	1112	4599	32
24	37	613	2704	21
24	38	986	4132	28
24	39	547	2372	18
24	40	683	2906	16
24	41	666	2837	18
24	42	776	3047	22
24	43	462	1914	13
24	44	1230	5165	30
24	45	154	623	5
24	46	823	3540	28
24	47	217	946	7
24	48	1174	5040	47
24	49	1182	5126	39
24	50	1462	6331	46
24	51	1855	8022	64
24	52	1076	4637	34
25	01	760	3401	22
25	02	885	3750	22
25	03	878	3637	66
25	04	600	2636	22
25	05	298	1289	22
26	01	872	3665	28
26	02	275	1169	10
26	03	811	3297	27
26	04	521	2193	17
26	05	630	2639	17
26	06	472	1995	14
26	07	770	3292	27
26	08	657	2653	18
26	09	402	1657	11
26	10	661	2765	22
26	11	723	2956	25
26	12	801	3276	28
26	13	740	3104	23
26	14	748	3159	23
26	15	207	794	8
26	16	1822	8126	63
26	17	775	3235	24
26	18	921	4034	32
26	19	358	1483	14
26	20	1603	6629	49
26	21	947	3948	32
26	22	842	3640	31
26	23	1324	5986	49
26	24	776	3046	27
26	25	509	2221	17
26	26	729	2961	21
26	27	909	3967	36
26	28	811	3398	26
26	29	716	2949	21
26	30	762	3055	26
26	31	682	2792	18
26	32	1079	4477	32
26	33	1073	4400	33
26	34	960	3974	31
26	35	404	1705	15
26	36	1182	4931	38
26	37	872	3585	28
26	38	778	3229	23
26	39	930	3834	29
26	40	1532	6576	49
26	41	804	3464	26
26	42	570	2585	20
26	43	909	3781	27
26	44	1033	4443	31
26	45	884	3771	25
26	46	882	3606	24
26	47	782	3368	23
26	48	1047	4484	35
27	01	591	2627	21
27	02	1502	6554	49
27	03	994	4605	30
27	04	1292	5509	37
27	05	997	4465	31
27	06	907	3991	28
27	07	928	3918	28
27	08	854	3518	27
27	09	968	4288	27
27	10	649	2666	21
27	11	1531	6559	45
27	12	413	1683	13
28	01	357	1435	11
28	02	680	2726	23
28	03	158	659	5
28	04	467	2140	19
28	05	370	1590	15
28	06	256	1038	11
28	07	400	1770	16
28	08	332	1415	14
28	09	470	2057	17
28	10	427	1893	15
28	11	310	1268	12
28	12	313	1347	14
28	13	428	1767	16
28	14	234	963	9
29	01	510	2173	20
29	02	960	4065	32
29	03	569	2469	21
30	01	457	2041	15
30	02	443	1908	16
30	03	399	1630	15
30	04	434	1886	13
30	05	660	2768	27
30	06	401	1678	14
30	07	473	1950	17
30	08	416	1633	14
30	09	551	2231	15
31	01	671	2917	21
32	01	516	2038	17
32	02	216	880	10
32	03	262	1096	10
32	04	334	1327	11
33	01	454	1945	16
33	02	402	1674	13
33	03	356	1480	12
33	04	478	1949	13
33	05	449	1854	15
33	06	442	1896	16
33	07	585	2438	20
34	01	396	1701	15
34	02	373	1626	13
34	03	521	2325	19
35	01	425	1947	17
35	02	565	2363	20
35	03	491	2163	19
36	01	557	2315	18
36	02	465	2064	15
36	03	600	2529	20
37	01	453	1856	15
37	02	681	2765	23
38	01	624	2639	21
38	02	319	1297	13
38	03	298	1244	10
38	04	367	1525	14
38	05	340	1352	11
38	06	426	1763	15
38	07	380	1633	14
38	08	705	2825	23
38	09	539	2194	17
38	10	410	1683	12
38	11	504	1997	17
38	12	464	2002	14
38	13	339	1359	9
38	14	756	3116	21
39	01	489	2014	14
39	02	548	2309	17
39	03	567	2367	18
39	04	185	754	6
40	01	475	2174	25
40	02	621	2671	23
40	03	389	1651	17
40	04	559	2446	25
40	05	1083	4556	48
40	06	796	3402	34
40	07	628	2587	29
40	08	775	3280	34
40	09	839	3613	38
40	10	921	3831	42
40	11	670	2800	30
40	12	1170	4960	50
40	13	1369	5869	58
40	14	723	3066	36
40	15	787	3456	39
40	16	690	2870	28
40	17	622	2660	27
40	18	871	3607	35
40	19	721	3112	30
40	20	781	3236	34
40	21	1128	4781	46
40	22	830	3606	46
40	23	835	3769	39
40	24	1049	4377	51
40	25	997	4184	46
40	26	1627	6749	75
40	27	1361	5875	66
40	28	423	1795	20
41	01	932	4035	45
41	02	726	2995	28
41	03	665	2923	35
41	04	925	3777	41
41	05	954	3990	43
41	06	1325	5545	56
41	07	808	3509	37
41	08	844	3508	38
41	09	1166	4852	50
41	10	1220	5121	52
41	11	780	3291	33
41	12	1060	4519	44
41	13	830	3490	37
41	14	1597	6577	72
41	15	915	4018	47
41	16	451	1939	20
42	01	1585	6751	80
42	02	1096	4690	52
42	03	1019	4158	38
42	04	1023	4220	44
42	05	951	4016	39
42	06	1231	5050	49
42	07	1211	5056	50
42	08	1433	6013	56
42	09	1459	6052	62
42	10	994	4201	42
42	11	1333	5525	54
42	12	1409	5879	59
42	13	866	3647	35
42	14	814	3358	35
42	15	727	2971	32
42	16	754	3241	31
42	17	811	3338	37
42	18	870	3694	43
42	19	1049	4341	48
42	20	956	4128	47
42	21	822	3435	38
42	22	1398	5800	71
42	23	1119	4865	56
42	24	1057	4515	53
43	01	1006	4201	51
43	02	512	2192	25
43	03	765	3250	36
43	04	1096	4650	54
43	05	1003	4128	47
43	06	1508	6234	71
43	07	1004	4147	53
43	08	1309	5180	59
43	09	878	3506	41
43	10	822	3284	42
43	11	1159	4904	57
43	12	1062	4507	50
43	13	828	3357	38
43	14	733	2822	31
43	15	615	2425	27
43	16	791	3184	33
43	17	638	2501	26
43	18	949	4053	40
43	19	1012	4413	42
43	20	751	3204	31
43	21	695	2977	25
44	01	663	2934	26
44	02	1023	4443	47
44	03	636	2694	26
44	04	867	3761	37
44	05	1028	4389	42
44	06	357	1649	15
44	07	1432	6003	60
44	08	885	3924	40
44	09	1048	4450	43
44	10	1110	4707	48
44	11	669	2915	30
44	12	664	2836	25
44	13	1274	5503	52
44	14	629	2852	28
44	15	927	4228	41
44	16	945	4157	40
44	17	857	3823	34
44	18	666	2961	28
44	19	977	4399	41
44	20	884	3800	38
44	21	1069	4657	40
44	22	775	3216	30
44	23	923	3996	35
44	24	642	2886	27
44	25	713	3165	27
44	26	783	3440	32
44	27	1035	4472	44
44	28	820	3575	31
45	01	716	3257	32
45	02	606	2782	29
45	03	564	2445	31
45	04	548	2435	25
45	05	482	2083	21
45	06	486	2099	23
45	07	607	2327	25
45	08	905	3811	39
45	09	721	3079	33
45	10	463	1999	21
45	11	820	3488	36
45	12	399	1830	21
45	13	363	1573	14
45	14	527	2205	23
45	15	744	3193	33
45	16	503	2329	27
46	01	651	2734	31
46	02	375	1575	16
46	03	461	1938	23
46	04	511	2078	21
46	05	323	1387	13
46	06	467	1958	20
46	07	961	4007	40
46	08	311	1306	13
46	09	673	2639	27
46	10	669	2809	33
46	11	720	2874	34
46	12	595	2566	31
46	13	272	1191	13
46	14	889	3855	40
46	15	1168	4834	58
46	16	448	1855	24
47	01	593	2456	24
47	02	403	1610	17
47	03	391	1706	18
47	04	408	1765	18
47	05	489	2090	21
47	06	359	1614	18
47	07	454	1994	16
47	08	570	2403	24
47	09	357	1628	15
47	10	439	1949	18
47	11	720	3073	33
47	12	591	2455	21
47	13	317	1305	14
48	01	455	1917	24
48	02	575	2475	21
48	03	650	2743	29
48	04	612	2505	31
48	05	449	2042	26
48	06	355	1515	18
49	01	510	2205	23
49	02	455	2004	22
49	03	412	1756	21
49	04	619	2735	32
49	05	566	2510	33
49	06	472	2100	24
50	01	634	2642	30
50	02	603	2507	30
50	03	485	2132	21
50	04	469	2126	23
51	01	658	2839	29
51	02	505	2228	23
51	03	459	2078	25
51	04	365	1628	18
52	01	255	1061	10
52	02	481	2054	20
52	03	297	1280	13
52	04	398	1678	18
52	05	416	1793	28
53	01	293	1278	12
53	02	383	1685	17
53	03	352	1481	18
54	01	434	2032	20
54	02	249	1142	15
54	03	326	1432	16
54	04	312	1470	16
54	05	472	2198	25
54	06	463	2228	21
55	01	440	1863	18
55	02	508	2283	26
55	03	299	1507	17
55	04	427	1903	22
56	01	339	1581	16
56	02	267	1283	15
56	03	296	1395	15
57	01	433	1899	24
58	01	340	1413	14
58	02	474	2016	18
58	03	364	1553	19
58	04	406	1669	16
58	05	323	1331	14
58	06	427	1897	20
58	07	609	2760	28
58	08	389	1629	13
58	09	680	3117	28
58	10	786	3494	39
58	11	924	4194	40
58	12	698	3120	29
58	13	503	2226	25
59	01	546	2348	27
59	02	530	2241	26
59	03	380	1663	18
59	04	371	1534	17
59	05	487	2087	20
60	01	599	2744	25
60	02	551	2501	25
60	03	553	2395	22
60	04	481	2023	19
60	05	302	1364	14
61	01	490	2197	21
61	02	583	2794	22
61	03	486	2180	18
62	01	249	982	10
62	02	738	3042	29
62	03	536	2288	24
62	04	482	1901	21
62	05	522	2070	21
63	01	300	1263	13
64	01	296	1307	14
65	01	610	2923	25
66	01	594	2446	20
66	02	804	3423	29
66	03	660	2660	22
66	04	350	1455	11
66	05	437	1780	14
66	06	542	2133	17
66	07	493	2162	17
66	08	399	1678	13
66	09	594	2465	21
66	10	355	1404	11
66	11	582	2552	19
66	12	499	2087	17
66	13	540	2174	18
66	14	653	2742	20
66	15	254	1067	8
66	16	569	2389	21
66	17	524	2257	18
66	18	749	3264	24
66	19	636	2644	21
66	20	479	1980	15
66	21	751	3167	27
66	22	575	2337	21
